,lon,lat
0,55.658215,8.730940
1,55.751927,8.717152
2,54.937063,9.612413
3,55.429704,10.488886
4,55.602028,8.805512
5,55.130503,9.127553
6,57.196938,10.381630
7,55.658089,12.353550
8,56.503648,10.774433
9,56.052609,9.845859
10,55.082220,12.033588
11,55.712414,11.665057
12,55.870596,12.356852
13,55.713547,11.266717
14,55.268183,10.324347
15,55.398946,11.833224
16,56.111701,9.733860
17,55.271457,14.800006
18,56.464049,10.320351
19,55.564196,9.492511
20,55.109841,14.907578
21,55.042582,9.023404
22,55.039749,9.024439
23,57.275627,9.751134
24,55.666891,12.598466
25,55.354964,12.249357
26,56.391150,8.329611
27,56.236074,9.849788
28,55.469662,9.239517
29,56.912605,9.853480
30,55.705140,8.749781
31,57.462907,10.523312
32,56.769763,9.860033
33,57.124589,9.622556
34,56.529532,8.265858
35,55.619017,8.489451
36,55.197581,9.328151
37,55.247699,8.968185
38,54.748132,11.328747
39,55.188107,11.927920
40,55.808744,11.499855
41,55.484842,9.903994
42,56.003917,10.182865
43,55.269218,9.891413
44,54.965875,9.924891
45,55.043010,9.004805
46,57.149754,10.402734
47,56.330812,10.777563
48,54.944981,9.873490
49,56.265248,8.788433
50,56.429267,10.377613
51,56.320108,9.426207
52,55.625391,12.454105
53,55.64803942,12.44995498
54,54.960030,9.647057
55,54.829029,11.215181
56,54.748830,10.677469
57,55.544313,11.685344
58,55.762757,12.448757
59,55.761635,12.454345
60,54.904858,9.273842
61,54.992714,11.986195
62,55.038978,15.092057
63,56.319203,10.806385
64,56.547454,8.241729
65,55.729739,12.358160
66,55.729788,12.358811
67,56.611894,8.881914
68,54.835720,11.482121
69,56.031560,10.191616
70,57.419214,10.518390
71,55.725660,9.901710
72,55.089160,9.486052
73,54.758189,11.259669
74,56.973071,8.659197
75,55.635874,8.283070
76,55.65934623,12.54033781
77,55.65734378,12.53941038
78,56.056502,10.198347
79,55.061645,9.100831
80,55.061155,9.105825
81,56.806675,8.407574
82,55.469101,10.340171
83,55.328995,10.330794
84,54.787036,12.001412
85,55.742955,12.557660
86,56.611560,8.778101
87,57.145672,9.808467
88,55.617039,8.331337
89,55.728219,9.114197
90,55.923637,10.108307
91,55.625746,8.636614
92,55.725999,11.925619
93,55.656951,9.260857
94,56.995338,9.679946
95,56.125306,9.029816
96,55.829004,8.907963
97,57.148693,9.680172
98,55.840598,12.423733
99,54.897453,11.327810
100,55.418416,10.433603
101,55.706330,12.541536
102,55.751238,11.417809
103,55.619603,11.865589
104,54.932271,9.328540
105,56.503965,9.915993
106,56.852533,10.098197
107,56.374239,9.658070
108,55.457828,9.555805
109,55.441013,9.586369
110,55.321816,12.368348
111,55.449573,12.036031
112,55.46371497,12.02648643
113,55.442734,12.023891
114,55.960253,12.019631
115,54.927623,9.961666
116,57.187436,10.116253
117,55.977405,9.360446
118,57.375028,10.113523
119,55.490991,9.872328
120,55.174529,9.254777
121,55.133479,14.726554
122,56.856236,9.527187
123,55.873278,9.032897
124,55.042877,15.062559
125,55.565020,10.086226
126,54.991273,9.281207
127,56.697073,9.599940
128,55.650602,8.715273
129,55.222277,10.468638
130,57.062619,9.370201
131,55.765304,11.964640
132,56.520993,8.222746
133,56.146854,9.278526
134,56.637469,8.790399
135,55.789766,12.502082
136,55.958525,8.644409
137,55.494696,11.972464
138,55.911237,12.182714
139,55.901089,12.183078
140,55.623829,8.460211
141,55.941172,10.217897
142,54.995512,9.582125
143,56.154658,10.102911
144,56.15433379,10.10434859
145,55.603436,9.393810
146,55.603678,9.415275
147,55.865228,9.955942
148,55.291604,9.439796
149,55.523276,9.460841
150,55.464735,8.706800
151,55.944609,9.129694
152,55.213187,11.865178
153,54.857864,11.104523
154,55.120395,9.067542
155,55.138295,9.059408
156,55.115164,9.075754
157,55.530208,10.364625
158,55.373063,10.105983
159,55.426348,10.236866
160,55.793719,12.500717
161,55.056974,8.823280
162,56.340161,9.453064
163,55.666576,9.659413
164,56.501682,8.581581
165,55.490738,9.972917
166,55.437791,11.728560
167,54.951346,9.892490
168,54.886848,9.672929
169,55.236153,10.256630
170,56.596570,8.776791
171,55.512508,9.704214
172,54.772975,10.712442
173,56.599560,9.919062
174,55.236446,9.523729
175,57.099806,9.519278
176,55.708485,9.197493
177,57.142311,10.082896
178,56.421371,9.444643
179,56.023794,9.513348
180,56.024208,9.513894
181,55.972410,9.610294
182,55.330618,9.055676
183,55.396462,9.421074
184,55.893491,12.279753
185,55.620978,12.422067
186,55.665052,12.440299
187,57.270518,9.942847
188,57.269446,9.945441
189,56.511103,10.796489
190,56.602472,8.911610
191,55.194680,8.740810
192,55.196198,8.740711
193,55.482805,9.016278
194,55.766784,9.818489
195,55.304187,11.914908
196,55.762000,9.827680
197,55.747114,12.493063
198,55.747212,12.493889
199,54.721312,11.385909
200,55.425635,10.471036
201,57.630111,10.439441
202,56.367643,8.427960
203,54.735534,11.475352
204,55.872625,9.829028
205,55.765531,8.914979
206,54.942490,9.088871
207,55.292846,10.732913
208,56.756215,8.928644
209,55.261607,9.221698
210,56.116334,8.492972
211,55.569072,9.141472
212,56.396616,9.334152
213,56.412221,8.307949
214,56.828639,10.123915
215,55.196890,11.909151
216,54.993186,9.529978
217,57.406020,10.101522
218,55.598732,9.362406
219,55.642013,9.652040
220,56.319263,9.872191
221,55.687618,12.503402
222,55.663543,12.535083
223,55.751759,12.572007
224,54.839505,11.127851
225,55.354391,9.482887
226,56.100854,9.406079
227,55.123686,14.912494
228,55.060884,10.638439
229,57.591604,9.965466
230,55.540027,11.421957
231,56.137323,10.077278
232,56.349924,10.411526
233,55.432748,9.560331
234,55.515302,10.661092
235,56.624660,10.203043
236,56.617522,10.203925
237,54.957760,8.754170
238,55.807687,9.814290
239,55.293471,11.420270
240,55.357301,10.379295
241,57.351472,10.203008
242,56.751514,9.299945
243,54.758538,11.185079
244,55.664237,12.493734
245,55.735666,9.691478
246,55.593291,9.469853
247,55.991393,8.412951
248,56.176890,10.230633
249,55.533847,11.499957
250,56.302876,9.429961
251,55.855328,9.595376
252,55.595437,12.669242
253,55.942413,10.173709
254,55.917036,9.100661
255,56.472855,10.068575
256,57.160398,10.294280
257,56.097794,12.387531
258,55.440448,10.517939
259,56.222958,10.695704
260,56.009661,12.262920
261,56.745256,8.948235
262,55.664984,12.559668
263,57.273929,10.361459
264,55.538598,9.419196
265,54.878675,9.695349
266,55.699867,8.298224
267,55.732151,12.536054
268,55.732195,12.536178
269,55.985210,11.942335
270,56.446893,10.648330
271,55.487889,11.569424
272,56.606499,9.021357
273,54.725395,11.676929
274,56.691824,9.743767
275,55.117498,8.807692
276,55.117498,8.807692
277,55.242480,9.980036
278,56.199976,10.676745
279,56.141995,10.024069
280,55.764635,8.795976
281,54.768214,11.988856
282,55.779809,12.185470
283,56.049945,10.192357
284,55.730975,11.369399
285,55.049485,10.525178
286,55.814014,12.530946
287,54.914500,11.288802
288,55.614997,9.305956
289,55.077862,9.251988
290,55.424434,12.190048
291,55.428634,9.929804
292,55.532029,10.175188
293,55.258363,9.464677
294,55.502207,9.381191
295,55.981842,9.289277
296,55.861333,9.942505
297,55.585317,9.500610
298,55.733570,9.093671
299,55.626137,8.426172
300,55.650142,12.510852
301,55.249081,10.613805
302,56.929269,9.870342
303,56.92932463,9.87020926
304,57.464326,10.464848
305,57.476025,10.487728
306,55.049497,8.902424
307,54.989834,9.888425
308,55.525625,9.534213
309,57.325879,9.925831
310,55.724247,12.539231
311,55.720530,12.541104
312,57.572071,9.977557
313,56.167905,9.351536
314,55.663195,12.539497
315,55.716302,11.286195
316,55.402241,11.960286
317,57.092997,9.999862
318,55.410701,11.748592
319,55.654805,12.632599
320,55.831673,9.740219
321,55.949087,10.203734
322,54.784594,11.441454
323,55.243281,9.476610
324,55.227968,9.453207
325,55.232945,10.194941
326,55.467817,8.458220
327,55.468743,8.460124
328,55.46374959,8.44640889
329,55.712506,11.308563
330,55.526375,10.062089
331,54.855789,11.885433
332,55.203609,10.409337
333,55.995652,12.549920
334,56.564058,8.993036
335,56.153442,10.213302
336,55.260306,12.138384
337,55.129143,12.014617
338,55.909029,10.126367
339,56.763132,9.303563
340,55.311429,10.323685
341,55.396256,11.889881
342,55.803340,9.253773
343,56.221864,9.832808
344,55.385419,9.270029
345,55.38549528,9.27020407
346,55.465626,10.190787
347,56.771954,9.337815
348,55.811681,12.373820
349,55.812106,12.373433
350,55.359301,8.761582
351,56.012004,9.112164
352,55.338619,9.509530
353,55.217077,12.162099
354,55.242473,12.136577
355,54.979846,9.497424
356,55.820494,12.001843
357,55.536456,9.377946
358,55.810869,9.024745
359,56.098137,12.354679
360,54.941951,9.600435
361,54.946833,9.580866
362,54.643277,11.902436
363,54.64329345,11.90262631
364,55.609373,9.133583
365,54.896117,9.991777
366,56.116363,12.298365
367,55.235825,10.563506
368,56.616930,9.950318
369,55.320688,9.559827
370,55.441543,11.666992
371,55.44212504,11.66919582
372,57.086555,9.263298
373,55.259950,8.870107
374,55.327874,11.400199
375,55.245854,10.066308
376,55.870495,9.663447
377,54.774619,9.436605
378,55.685446,12.498612
379,54.743814,11.781142
380,56.467266,10.241871
381,56.109167,8.396817
382,55.919512,9.500012
383,55.255362,11.674717
384,56.071543,9.509418
385,55.375528,11.258840
386,55.37492147,11.25784142
387,55.644128,11.228286
388,56.193725,10.237409
389,55.415959,9.439467
390,55.977206,12.406831
391,55.568241,9.740499
392,55.562085,9.753633
393,55.562085,9.753633
394,55.56250198,9.74267966
395,56.338503,9.249953
396,55.663214,12.539475
397,55.681080,12.531219
398,57.441697,10.534932
399,57.441149,10.540107
400,57.437490,10.531400
401,57.435370,10.538434
402,57.435370,10.538434
403,57.435369,10.538405
404,57.724691,10.563545
405,57.159634,10.124874
406,55.407871,11.455388
407,55.832847,12.065860
408,55.835332,12.066420
409,55.835790,12.065490
410,55.968612,12.019462
411,55.391301,11.866786
412,55.924211,12.246135
413,54.708013,11.767690
414,54.703899,11.757624
415,55.214716,8.827851
416,55.629072,12.482217
417,55.627603,8.487077
418,55.369699,10.377683
419,56.576681,9.873453
420,55.841494,12.556115
421,55.238611,10.731728
422,57.086919,8.992447
423,55.695391,12.527243
424,55.785011,12.497272
425,54.732796,11.776090
426,57.428021,10.021545
427,56.136337,9.465701
428,56.13625452,9.46592606
429,55.805682,12.379690
430,55.498777,9.215146
431,55.725783,11.354343
432,55.093784,10.245330
433,56.464868,9.589345
434,56.453947,8.261465
435,55.788151,11.469437
436,54.857026,9.327294
437,56.546367,9.845158
438,56.5464102,9.84529402
439,56.265912,9.733784
440,55.773970,9.324751
441,55.572805,12.099380
442,55.157737,9.216147
443,56.155031,9.905145
444,55.479464,10.102131
445,57.208561,10.386172
446,55.912216,12.204650
447,55.232124,9.341264
448,55.323978,9.548508
449,55.976380,9.690260
450,56.247846,8.569033
451,55.491278,9.202567
452,57.061916,10.179947
453,55.298168,12.175837
454,56.880893,9.401620
455,54.618357,11.915814
456,56.277080,9.120817
457,54.574021,11.925008
458,54.573278,11.927154
459,55.624176,8.524481
460,55.396084,9.974237
461,55.125247,9.431910
462,55.753395,12.541505
463,55.527150,9.204014
464,57.098788,10.265354
465,55.669289,9.042458
466,56.123719,12.302993
467,56.123719,12.302993
468,56.122647,12.309082
469,56.490945,10.076082
470,55.729700,11.546958
471,56.997620,9.991626
472,55.843197,9.235782
473,56.585960,10.125190
474,56.585869,10.158437
475,56.228959,9.734768
476,56.504696,10.816339
477,55.509511,8.457277
478,57.412826,9.815969
479,55.278076,10.103900
